1	5	1
1	6	2
1	10	1
1	11	4
1	12	3
1	13	3
1	15	2
1	18	1
1	19	1
1	22	1
1	23	1
1	25	1
1	27	2
1	34	2
1	35	1
1	36	2
1	41	1
1	42	1
1	43	1
1	44	1
1	45	1
1	46	1
1	47	2
1	51	1
1	53	1
1	58	1
1	59	1
1	60	1
1	61	1
1	62	4
1	63	1
1	64	3
1	67	1
1	69	1
1	72	1
1	75	6
1	76	3
1	77	2
1	78	3
1	79	2
1	80	1
1	81	1
1	83	1
1	85	2
1	88	4
1	93	1
1	94	2
1	95	2
1	98	2
1	100	1
1	101	1
1	102	2
1	103	1
1	104	1
1	105	1
1	106	3
1	107	3
1	108	2
1	109	1
1	111	1
1	114	1
2	3	4
2	4	1
2	5	8
2	6	4
2	7	4
2	8	2
2	9	1
2	11	4
2	12	3
2	13	2
2	14	3
2	16	3
2	17	1
2	18	1
2	19	1
2	20	3
2	21	1
2	23	2
2	24	1
2	26	3
2	27	2
2	28	3
2	29	1
2	30	1
2	31	2
2	34	9
2	35	1
2	37	2
2	41	1
2	43	1
2	44	2
2	45	6
2	46	2
2	47	5
2	49	1
2	50	1
2	51	2
2	56	1
2	59	1
2	61	3
2	64	1
2	71	1
2	72	4
2	74	1
2	75	5
2	76	1
2	79	6
2	81	2
2	83	1
2	85	1
2	86	1
2	88	1
2	89	1
2	90	2
2	91	1
2	92	3
2	93	7
2	94	2
2	95	3
2	97	2
2	100	2
2	101	2
2	102	1
2	103	1
2	104	3
2	105	2
2	106	8
2	107	1
2	109	3
2	110	4
2	112	6
2	113	1
2	114	6
3	4	2
3	5	2
3	7	3
3	8	1
3	11	1
3	12	4
3	16	2
3	17	1
3	18	2
3	19	2
3	23	1
3	25	1
3	26	2
3	27	3
3	29	1
3	30	1
3	31	2
3	32	1
3	33	1
3	34	2
3	35	1
3	40	1
3	41	1
3	42	1
3	44	3
3	45	3
3	46	1
3	47	3
3	49	1
3	51	1
3	59	1
3	63	1
3	64	2
3	67	1
3	71	7
3	72	4
3	73	1
3	75	2
3	76	1
3	77	1
3	79	5
3	81	1
3	85	2
3	88	1
3	91	1
3	92	1
3	93	4
3	94	1
3	97	1
3	100	1
3	101	3
3	102	1
3	103	2
3	104	3
3	106	3
3	109	1
3	110	2
3	112	2
3	113	1
3	114	3
4	5	6
4	6	1
4	7	3
4	8	1
4	11	4
4	12	3
4	13	1
4	14	2
4	16	2
4	17	2
4	18	2
4	19	1
4	20	2
4	23	3
4	24	2
4	26	1
4	27	4
4	29	1
4	31	1
4	32	1
4	33	1
4	34	8
4	36	1
4	38	2
4	39	1
4	40	2
4	42	1
4	44	4
4	45	4
4	46	1
4	47	7
4	49	2
4	51	1
4	53	1
4	56	1
4	57	3
4	59	3
4	60	1
4	61	1
4	63	3
4	64	4
4	67	1
4	69	1
4	71	3
4	72	3
4	74	1
4	75	6
4	76	3
4	77	1
4	79	10
4	81	2
4	82	2
4	84	1
4	85	1
4	86	1
4	89	1
4	91	1
4	92	3
4	93	6
4	94	2
4	97	1
4	99	1
4	100	4
4	101	4
4	103	3
4	104	5
4	105	1
4	106	6
4	109	5
4	110	3
4	112	7
4	114	6
5	6	4
5	7	3
5	8	3
5	9	1
5	10	2
5	11	13
5	12	18
5	13	4
5	14	6
5	15	2
5	16	5
5	17	5
5	18	4
5	19	5
5	20	4
5	21	5
5	22	3
5	23	9
5	24	6
5	25	3
5	26	6
5	27	9
5	28	7
5	29	2
5	30	2
5	31	6
5	32	2
5	33	1
5	34	31
5	35	1
5	36	2
5	37	2
5	38	4
5	39	6
5	40	9
5	41	3
5	42	5
5	44	4
5	45	36
5	46	12
5	47	25
5	48	6
5	49	1
5	50	2
5	51	10
5	55	2
5	56	1
5	57	5
5	58	3
5	59	3
5	60	1
5	61	6
5	62	1
5	63	8
5	64	9
5	65	4
5	66	5
5	67	6
5	68	2
5	69	2
5	70	4
5	71	2
5	72	12
5	73	8
5	74	2
5	75	19
5	76	3
5	77	1
5	78	5
5	79	27
5	80	1
5	81	6
5	82	6
5	83	10
5	84	3
5	85	3
5	86	3
5	87	1
5	88	3
5	89	1
5	90	5
5	91	4
5	92	12
5	93	36
5	94	9
5	95	5
5	96	3
5	97	3
5	98	2
5	99	2
5	100	16
5	101	13
5	102	4
5	103	3
5	104	17
5	105	2
5	106	29
5	107	2
5	108	7
5	109	10
5	110	17
5	111	2
5	112	28
5	113	4
5	114	25
6	8	2
6	10	3
6	11	11
6	12	3
6	13	6
6	14	2
6	15	3
6	17	2
6	18	9
6	20	2
6	21	5
6	22	5
6	24	1
6	25	3
6	26	1
6	27	1
6	29	5
6	30	3
6	31	8
6	32	5
6	33	1
6	34	2
6	36	1
6	37	2
6	39	3
6	40	2
6	41	1
6	43	1
6	45	5
6	46	1
6	47	4
6	48	1
6	49	1
6	50	2
6	51	7
6	52	1
6	53	3
6	54	1
6	55	1
6	56	3
6	57	1
6	58	3
6	59	4
6	60	1
6	61	4
6	62	2
6	64	2
6	65	1
6	66	1
6	67	1
6	69	5
6	70	1
6	74	2
6	75	13
6	76	2
6	77	2
6	78	5
6	79	10
6	81	1
6	82	1
6	83	2
6	84	2
6	85	1
6	86	1
6	87	1
6	88	4
6	89	4
6	91	1
6	93	4
6	94	10
6	95	3
6	96	4
6	97	1
6	98	1
6	99	2
6	100	3
6	101	2
6	102	3
6	103	1
6	104	1
6	105	1
6	106	5
6	107	3
6	108	2
6	109	2
6	110	2
6	111	1
6	112	4
6	113	2
6	114	5
7	9	1
7	11	2
7	12	1
7	14	1
7	15	1
7	16	3
7	17	1
7	18	1
7	19	1
7	23	1
7	28	2
7	29	2
7	30	1
7	31	2
7	32	2
7	33	1
7	34	5
7	37	1
7	44	1
7	45	2
7	46	1
7	47	3
7	49	1
7	57	2
7	58	1
7	59	1
7	64	1
7	67	1
7	69	1
7	71	4
7	72	2
7	75	4
7	77	1
7	79	5
7	81	1
7	82	1
7	83	1
7	90	3
7	91	2
7	92	2
7	93	1
7	94	1
7	95	1
7	97	1
7	100	2
7	101	1
7	103	1
7	104	1
7	106	2
7	110	2
7	112	1
7	114	3
8	11	1
8	12	3
8	15	1
8	16	3
8	19	2
8	23	3
8	24	2
8	26	1
8	27	6
8	34	2
8	35	1
8	38	2
8	40	2
8	41	1
8	42	2
8	43	2
8	44	2
8	45	6
8	46	2
8	47	6
8	48	1
8	49	5
8	50	1
8	51	4
8	56	2
8	57	2
8	58	1
8	59	1
8	64	5
8	66	1
8	70	1
8	71	1
8	72	1
8	73	1
8	74	2
8	75	4
8	76	4
8	77	1
8	79	3
8	83	1
8	84	1
8	85	1
8	86	1
8	89	1
8	92	1
8	93	6
8	94	2
8	95	1
8	99	1
8	100	3
8	101	6
8	104	4
8	105	2
8	106	6
8	109	2
8	110	2
8	112	4
8	114	5
9	10	2
9	11	2
9	13	1
9	14	2
9	17	5
9	18	11
9	19	3
9	26	1
9	28	2
9	29	5
9	30	2
9	31	9
9	32	6
9	33	3
9	34	2
9	37	5
9	45	3
9	46	2
9	47	2
9	50	3
9	51	1
9	52	2
9	54	1
9	55	3
9	56	2
9	60	1
9	61	2
9	66	1
9	68	1
9	75	8
9	77	1
9	83	1
9	86	1
9	87	2
9	89	2
9	90	1
9	91	9
9	93	1
9	94	9
9	95	2
9	96	10
9	99	1
9	100	2
9	102	1
9	104	1
9	109	1
9	110	2
9	114	2
10	11	5
10	12	1
10	15	1
10	17	4
10	18	9
10	20	2
10	21	1
10	22	5
10	24	1
10	25	2
10	26	1
10	29	5
10	30	4
10	31	10
10	32	4
10	33	2
10	34	3
10	35	1
10	36	2
10	37	5
10	41	1
10	42	2
10	45	3
10	46	2
10	47	3
10	50	2
10	51	5
10	52	4
10	54	2
10	55	1
10	57	2
10	58	2
10	60	1
10	61	1
10	62	4
10	63	1
10	65	1
10	67	2
10	69	2
10	72	1
10	73	1
10	74	1
10	75	15
10	78	1
10	79	5
10	80	1
10	82	2
10	83	2
10	84	2
10	85	1
10	86	1
10	88	1
10	89	6
10	91	3
10	92	3
10	93	3
10	94	10
10	96	7
10	98	1
10	100	1
10	101	1
10	102	2
10	104	2
10	106	4
10	107	2
10	108	1
10	109	2
10	110	1
10	112	3
10	113	1
10	114	4
11	12	9
11	13	31
11	14	18
11	15	10
11	16	2
11	17	4
11	18	9
11	19	5
11	20	3
11	21	1
11	22	1
11	23	3
11	24	4
11	25	4
11	26	1
11	27	8
11	28	2
11	29	6
11	30	3
11	31	7
11	32	6
11	33	2
11	34	8
11	35	1
11	36	2
11	37	4
11	39	2
11	40	2
11	41	1
11	42	2
11	43	1
11	44	1
11	45	13
11	46	6
11	47	7
11	48	4
11	50	2
11	51	4
11	53	7
11	55	2
11	56	1
11	57	2
11	58	6
11	59	2
11	60	2
11	61	10
11	62	4
11	63	9
11	64	3
11	65	6
11	66	6
11	67	16
11	68	9
11	69	5
11	70	2
11	71	3
11	72	2
11	73	3
11	74	3
11	75	18
11	76	4
11	77	4
11	78	13
11	79	13
11	80	1
11	81	2
11	82	4
11	83	5
11	85	8
11	86	3
11	87	1
11	88	6
11	89	3
11	90	1
11	91	3
11	92	9
11	93	12
11	94	13
11	95	7
11	96	4
11	98	11
11	99	5
11	100	4
11	101	9
11	102	6
11	103	3
11	104	3
11	106	9
11	107	5
11	108	8
11	109	3
11	110	3
11	111	3
11	112	9
11	113	1
11	114	12
12	13	4
12	14	2
12	15	4
12	16	6
12	17	1
12	19	3
12	20	2
12	21	3
12	22	3
12	23	5
12	24	3
12	26	7
12	27	8
12	28	1
12	30	2
12	31	2
12	32	2
12	34	17
12	35	1
12	36	3
12	37	1
12	38	3
12	39	2
12	40	4
12	41	2
12	42	2
12	43	2
12	44	9
12	45	24
12	46	7
12	47	17
12	48	2
12	49	2
12	51	6
12	53	1
12	57	5
12	58	4
12	59	3
12	60	1
12	61	4
12	63	3
12	64	5
12	65	1
12	66	2
12	67	4
12	68	2
12	70	1
12	71	5
12	72	11
12	73	9
12	74	2
12	75	6
12	76	6
12	78	2
12	79	21
12	80	1
12	81	4
12	82	2
12	83	6
12	84	1
12	85	8
12	87	1
12	88	1
12	90	4
12	91	1
12	92	7
12	93	21
12	94	5
12	95	3
12	96	1
12	97	4
12	98	3
12	99	1
12	100	13
12	101	19
12	102	3
12	103	5
12	104	13
12	105	3
12	106	22
12	107	2
12	108	1
12	109	11
12	110	16
12	112	19
12	113	2
12	114	18
13	14	13
13	15	5
13	16	1
13	17	1
13	18	3
13	19	3
13	21	1
13	22	1
13	23	1
13	24	1
13	25	2
13	26	1
13	27	4
13	28	2
13	29	1
13	31	6
13	32	1
13	33	1
13	34	4
13	36	2
13	37	1
13	41	1
13	42	1
13	43	1
13	45	4
13	46	2
13	47	1
13	48	1
13	50	1
13	51	3
13	53	5
13	55	2
13	56	1
13	57	1
13	58	4
13	59	2
13	61	5
13	62	2
13	63	4
13	64	2
13	65	2
13	67	3
13	68	2
13	69	3
13	70	2
13	72	1
13	73	2
13	74	4
13	75	9
13	76	1
13	77	2
13	78	7
13	79	6
13	81	1
13	82	1
13	83	1
13	85	4
13	86	1
13	88	4
13	89	2
13	91	1
13	92	3
13	93	3
13	94	6
13	95	5
13	96	3
13	98	3
13	99	3
13	100	3
13	101	5
13	102	3
13	103	2
13	106	1
13	107	3
13	108	2
13	110	1
13	111	2
13	112	3
13	113	1
13	114	5
14	15	2
14	16	1
14	17	1
14	18	1
14	19	1
14	23	1
14	24	1
14	26	1
14	27	2
14	28	1
14	30	1
14	31	1
14	34	2
14	37	1
14	41	1
14	43	1
14	45	4
14	46	2
14	53	2
14	55	1
14	58	4
14	60	1
14	61	2
14	63	4
14	65	2
14	67	1
14	68	1
14	69	1
14	70	1
14	71	1
14	73	1
14	75	6
14	76	1
14	78	5
14	79	3
14	81	1
14	82	1
14	83	2
14	85	2
14	86	1
14	88	4
14	89	1
14	90	1
14	91	1
14	92	3
14	93	3
14	94	3
14	95	3
14	98	2
14	99	3
14	100	1
14	101	3
14	102	2
14	103	1
14	104	1
14	106	1
14	107	2
14	108	2
14	109	1
14	111	3
14	112	4
14	113	1
14	114	4
15	17	3
15	18	2
15	19	2
15	22	1
15	23	1
15	26	1
15	27	1
15	28	1
15	29	1
15	31	6
15	32	3
15	34	2
15	35	1
15	36	1
15	37	2
15	40	1
15	43	1
15	45	1
15	47	1
15	48	1
15	49	1
15	51	1
15	53	4
15	54	1
15	55	1
15	58	4
15	60	1
15	61	2
15	62	3
15	63	1
15	64	1
15	67	1
15	68	2
15	69	1
15	70	1
15	71	1
15	72	1
15	73	2
15	75	7
15	76	1
15	77	3
15	78	9
15	82	2
15	85	4
15	87	1
15	88	7
15	89	1
15	90	1
15	91	4
15	92	1
15	93	1
15	94	4
15	95	3
15	96	4
15	98	6
15	99	1
15	100	1
15	101	1
15	103	1
15	106	1
15	107	5
15	108	4
15	111	4
15	112	1
16	21	1
16	22	1
16	23	2
16	24	1
16	26	2
16	27	3
16	29	1
16	31	1
16	32	1
16	34	5
16	38	2
16	39	3
16	40	3
16	41	2
16	42	1
16	44	3
16	45	5
16	46	3
16	47	5
16	49	1
16	56	1
16	57	1
16	59	1
16	61	1
16	66	1
16	67	1
16	69	1
16	70	1
16	71	2
16	72	4
16	73	1
16	74	1
16	75	3
16	79	5
16	82	3
16	83	3
16	84	1
16	85	1
16	90	1
16	92	2
16	93	7
16	94	1
16	95	1
16	99	1
16	100	3
16	101	4
16	102	1
16	104	2
16	105	1
16	106	4
16	107	1
16	108	1
16	109	1
16	110	3
16	112	7
16	114	10
17	18	17
17	19	7
17	20	1
17	22	1
17	23	3
17	24	1
17	25	3
17	26	1
17	28	4
17	29	11
17	30	7
17	31	17
17	32	13
17	33	7
17	34	4
17	35	3
17	37	8
17	38	1
17	43	1
17	44	2
17	45	2
17	46	2
17	47	1
17	50	2
17	51	7
17	52	3
17	53	2
17	54	7
17	55	4
17	56	1
17	60	2
17	61	4
17	62	1
17	63	1
17	64	1
17	66	1
17	67	2
17	68	2
17	69	3
17	70	2
17	71	1
17	72	1
17	75	19
17	77	1
17	79	1
17	80	2
17	81	1
17	82	1
17	84	2
17	87	5
17	89	3
17	91	20
17	92	1
17	93	2
17	94	16
17	95	5
17	96	15
17	99	6
17	100	2
17	101	3
17	102	2
17	103	1
17	104	1
17	110	3
17	112	4
17	114	2
18	19	8
18	20	1
18	21	2
18	22	1
18	23	1
18	25	10
18	26	1
18	28	6
18	29	23
18	30	9
18	31	28
18	32	18
18	33	12
18	34	5
18	35	2
18	37	12
18	41	2
18	43	1
18	44	1
18	45	6
18	46	3
18	47	4
18	50	3
18	51	7
18	52	4
18	53	3
18	54	8
18	55	7
18	56	7
18	57	1
18	60	3
18	61	7
18	62	3
18	64	1
18	65	1
18	66	1
18	67	2
18	68	2
18	69	7
18	70	3
18	71	2
18	72	5
18	73	2
18	74	1
18	75	31
18	77	3
18	79	4
18	80	3
18	82	1
18	84	2
18	85	1
18	86	1
18	87	8
18	89	3
18	90	1
18	91	22
18	93	6
18	94	34
18	95	6
18	96	18
18	99	7
18	100	3
18	101	1
18	102	4
18	103	1
18	104	2
18	106	4
18	109	2
18	110	3
18	112	3
18	113	1
18	114	5
19	21	1
19	22	3
19	23	2
19	25	2
19	26	3
19	27	1
19	28	9
19	29	5
19	30	6
19	31	11
19	32	8
19	33	4
19	34	8
19	37	4
19	40	3
19	42	2
19	43	1
19	45	10
19	46	4
19	47	3
19	49	2
19	50	3
19	51	5
19	54	1
19	55	3
19	56	3
19	57	1
19	61	4
19	63	1
19	66	2
19	67	1
19	68	1
19	71	2
19	72	2
19	73	1
19	75	11
19	76	1
19	77	2
19	79	2
19	83	2
19	84	1
19	85	1
19	87	3
19	91	8
19	92	2
19	93	9
19	94	10
19	95	2
19	96	6
19	99	3
19	100	5
19	101	1
19	104	3
19	106	2
19	109	5
19	110	10
19	112	8
19	113	4
19	114	6
20	24	2
20	26	1
20	27	2
20	30	1
20	34	6
20	42	3
20	44	2
20	45	5
20	46	3
20	47	2
20	48	2
20	51	2
20	57	2
20	63	2
20	64	5
20	65	1
20	67	4
20	68	1
20	72	2
20	73	1
20	74	2
20	75	1
20	79	2
20	83	1
20	84	2
20	93	5
20	94	4
20	97	4
20	100	2
20	101	4
20	103	1
20	104	1
20	105	3
20	106	7
20	107	1
20	109	4
20	110	3
20	112	2
20	113	1
20	114	3
21	22	3
21	25	1
21	27	1
21	28	1
21	29	1
21	30	1
21	31	8
21	32	1
21	35	3
21	38	1
21	39	2
21	40	3
21	41	1
21	44	1
21	45	5
21	46	2
21	47	4
21	50	2
21	51	3
21	56	2
21	58	1
21	59	1
21	61	2
21	69	2
21	70	3
21	72	1
21	75	7
21	79	5
21	80	2
21	81	1
21	82	1
21	83	4
21	84	4
21	89	3
21	93	4
21	94	6
21	97	1
21	99	1
21	100	3
21	102	2
21	104	2
21	106	2
21	110	1
21	112	3
21	113	2
21	114	3
22	24	1
22	25	1
22	27	2
22	29	2
22	30	2
22	31	7
22	32	3
22	33	1
22	34	1
22	35	1
22	37	1
22	38	1
22	40	1
22	41	1
22	42	1
22	44	1
22	45	4
22	46	1
22	47	1
22	50	1
22	51	5
22	52	2
22	53	2
22	55	2
22	56	2
22	58	3
22	59	2
22	60	1
22	61	3
22	62	3
22	63	1
22	64	1
22	69	2
22	70	4
22	72	2
22	74	2
22	75	13
22	78	1
22	79	9
22	80	2
22	83	2
22	84	1
22	85	2
22	88	1
22	89	2
22	90	1
22	91	1
22	92	1
22	93	4
22	94	6
22	95	4
22	96	2
22	99	2
22	100	1
22	101	3
22	102	2
22	103	1
22	106	2
22	107	1
22	110	4
22	111	1
22	112	5
22	113	3
22	114	3
23	24	4
23	26	1
23	27	5
23	28	1
23	30	1
23	31	1
23	32	1
23	34	7
23	36	2
23	37	1
23	38	3
23	39	1
23	40	2
23	43	3
23	44	4
23	45	5
23	46	2
23	47	6
23	48	1
23	49	1
23	56	1
23	57	3
23	58	1
23	59	2
23	61	1
23	63	2
23	64	3
23	66	1
23	69	1
23	71	2
23	72	2
23	73	2
23	74	2
23	75	5
23	76	1
23	79	9
23	82	1
23	83	2
23	85	1
23	89	1
23	91	1
23	92	3
23	93	9
23	94	3
23	95	2
23	96	1
23	97	1
23	99	1
23	100	5
23	101	3
23	103	1
23	104	4
23	105	1
23	106	4
23	109	3
23	110	4
23	112	5
23	114	5
24	25	1
24	27	2
24	29	1
24	31	1
24	34	5
24	38	1
24	44	1
24	45	5
24	46	4
24	47	2
24	51	1
24	57	1
24	63	3
24	64	1
24	65	1
24	66	1
24	67	1
24	71	1
24	74	1
24	75	5
24	79	4
24	82	1
24	83	2
24	90	1
24	92	3
24	93	2
24	94	2
24	97	1
24	100	5
24	101	6
24	103	1
24	104	4
24	105	1
24	106	5
24	109	3
24	110	3
24	112	3
24	114	7
25	26	2
25	27	2
25	28	2
25	29	5
25	30	2
25	31	11
25	32	4
25	33	5
25	34	2
25	35	2
25	37	2
25	40	2
25	41	2
25	45	4
25	46	1
25	47	3
25	48	2
25	51	3
25	53	1
25	54	2
25	55	1
25	58	2
25	59	1
25	60	1
25	61	1
25	63	1
25	64	2
25	65	3
25	66	1
25	69	2
25	71	1
25	72	2
25	73	1
25	74	2
25	75	7
25	79	5
25	85	1
25	86	1
25	87	1
25	89	2
25	90	1
25	91	3
25	92	2
25	93	4
25	94	7
25	95	5
25	96	2
25	99	2
25	102	1
25	103	1
25	104	3
25	106	1
25	112	2
25	114	2
26	27	5
26	28	1
26	29	1
26	30	2
26	31	2
26	32	1
26	34	9
26	36	1
26	37	1
26	38	1
26	39	1
26	40	3
26	41	1
26	44	4
26	45	8
26	46	1
26	47	8
26	49	1
26	50	1
26	51	3
26	61	2
26	65	2
26	66	2
26	67	1
26	69	2
26	71	3
26	72	7
26	73	2
26	75	4
26	79	8
26	82	1
26	83	2
26	84	1
26	85	1
26	86	1
26	88	1
26	89	1
26	92	2
26	93	9
26	94	4
26	95	1
26	96	1
26	100	2
26	101	4
26	104	4
26	105	1
26	106	4
26	109	5
26	110	3
26	112	10
26	113	1
26	114	6
27	28	1
27	29	1
27	30	2
27	31	3
27	34	12
27	35	2
27	36	2
27	38	2
27	40	4
27	41	1
27	42	1
27	43	1
27	44	4
27	45	14
27	46	6
27	47	9
27	48	1
27	49	1
27	51	3
27	56	1
27	57	2
27	58	1
27	59	3
27	60	1
27	61	2
27	63	2
27	64	2
27	65	1
27	66	2
27	67	1
27	68	1
27	70	1
27	71	2
27	72	4
27	73	2
27	74	1
27	75	3
27	76	6
27	79	12
27	81	3
27	83	5
27	84	3
27	85	2
27	90	1
27	92	3
27	93	12
27	94	3
27	95	2
27	96	1
27	97	1
27	99	1
27	100	7
27	101	8
27	102	3
27	103	2
27	104	7
27	105	2
27	106	8
27	109	4
27	110	5
27	112	12
27	113	2
27	114	11
28	29	5
28	30	3
28	31	8
28	32	4
28	33	3
28	34	8
28	35	1
28	37	3
28	42	1
28	45	7
28	46	3
28	47	4
28	48	1
28	51	1
28	55	2
28	56	2
28	58	1
28	59	1
28	60	1
28	61	3
28	63	1
28	64	1
28	70	1
28	72	3
28	75	10
28	77	1
28	79	5
28	83	2
28	87	2
28	90	1
28	91	5
28	92	1
28	93	7
28	94	5
28	95	3
28	96	4
28	97	1
28	99	1
28	100	5
28	101	2
28	103	1
28	104	3
28	106	1
28	109	3
28	110	7
28	112	5
28	113	3
28	114	7
29	30	6
29	31	20
29	32	17
29	33	11
29	34	2
29	35	2
29	36	1
29	37	8
29	42	1
29	44	1
29	45	3
29	46	1
29	47	3
29	48	1
29	50	2
29	51	6
29	52	1
29	53	2
29	54	5
29	55	3
29	56	5
29	57	1
29	58	1
29	59	1
29	60	2
29	61	5
29	62	4
29	63	1
29	64	2
29	67	1
29	68	1
29	69	5
29	70	2
29	71	1
29	72	4
29	75	13
29	79	3
29	80	1
29	84	1
29	86	1
29	87	6
29	89	1
29	90	1
29	91	14
29	93	4
29	94	15
29	95	4
29	96	13
29	99	6
29	100	4
29	101	1
29	102	4
29	103	3
29	104	1
29	109	1
29	110	3
29	112	3
29	114	5
30	31	11
30	32	10
30	33	4
30	34	6
30	35	1
30	37	7
30	39	1
30	40	1
30	42	1
30	44	1
30	45	8
30	46	3
30	47	3
30	50	3
30	51	5
30	52	2
30	53	1
30	54	1
30	55	2
30	56	2
30	59	1
30	60	1
30	61	3
30	62	1
30	66	1
30	69	3
30	71	1
30	72	1
30	75	12
30	77	1
30	79	4
30	80	2
30	83	3
30	84	2
30	85	1
30	86	1
30	87	4
30	89	1
30	90	1
30	91	8
30	93	7
30	94	11
30	95	3
30	96	7
30	99	3
30	100	4
30	101	1
30	102	3
30	104	1
30	106	2
30	109	4
30	110	7
30	112	6
30	113	2
30	114	7
31	32	21
31	33	18
31	34	6
31	35	6
31	36	1
31	37	16
31	39	1
31	40	2
31	41	3
31	42	1
31	43	1
31	44	1
31	45	8
31	46	4
31	47	4
31	48	1
31	50	8
31	51	16
31	52	9
31	53	4
31	54	7
31	55	12
31	56	8
31	58	1
31	59	1
31	60	3
31	61	12
31	62	3
31	64	4
31	65	1
31	66	1
31	67	2
31	68	3
31	69	8
31	70	5
31	71	3
31	72	5
31	75	37
31	77	7
31	79	6
31	82	1
31	83	2
31	84	2
31	85	1
31	86	1
31	87	6
31	89	7
31	91	26
31	92	2
31	93	7
31	94	31
31	95	8
31	96	28
31	98	2
31	99	10
31	100	4
31	101	1
31	102	5
31	103	3
31	104	2
31	106	5
31	109	1
31	110	4
31	112	4
31	113	1
31	114	6
32	33	8
32	34	4
32	35	2
32	37	13
32	41	1
32	42	1
32	43	1
32	44	1
32	45	5
32	46	2
32	47	2
32	50	6
32	51	7
32	52	1
32	53	3
32	54	3
32	55	7
32	56	6
32	57	1
32	58	1
32	60	3
32	61	4
32	62	4
32	66	1
32	67	1
32	68	1
32	69	8
32	71	1
32	72	1
32	75	17
32	77	4
32	79	3
32	80	3
32	83	1
32	84	1
32	86	2
32	87	5
32	89	3
32	90	1
32	91	16
32	92	1
32	93	6
32	94	16
32	95	4
32	96	20
32	98	1
32	99	5
32	100	4
32	101	1
32	102	3
32	104	1
32	106	1
32	109	2
32	110	5
32	112	2
32	114	2
33	34	3
33	37	8
33	40	1
33	41	1
33	42	1
33	45	4
33	46	1
33	47	2
33	48	1
33	50	1
33	51	4
33	52	1
33	54	6
33	55	2
33	56	2
33	59	1
33	60	2
33	61	4
33	62	1
33	67	1
33	69	2
33	71	1
33	72	2
33	75	9
33	79	1
33	83	1
33	85	1
33	87	6
33	91	12
33	93	3
33	94	8
33	95	5
33	96	9
33	99	3
33	100	2
33	102	1
33	104	1
33	109	1
33	110	2
33	112	1
33	113	1
33	114	3
34	35	1
34	36	5
34	37	2
34	38	1
34	42	5
34	43	1
34	44	5
34	45	40
34	46	7
34	47	21
34	49	3
34	50	2
34	51	5
34	53	1
34	55	2
34	56	3
34	57	4
34	58	3
34	59	3
34	60	2
34	61	6
34	62	1
34	63	3
34	64	5
34	65	3
34	66	6
34	67	4
34	68	2
34	69	1
34	70	1
34	71	4
34	72	13
34	73	9
34	74	4
34	75	15
34	76	4
34	77	2
34	79	23
34	80	1
34	81	4
34	82	3
34	83	10
34	84	1
34	85	3
34	86	2
34	87	2
34	88	2
34	89	1
34	90	5
34	91	4
34	92	11
34	93	41
34	94	10
34	95	3
34	96	3
34	97	5
34	98	1
34	99	3
34	100	19
34	101	17
34	102	1
34	104	15
34	105	4
34	106	24
34	108	1
34	109	18
34	110	27
34	112	35
34	113	4
34	114	25
35	37	1
35	41	1
35	42	1
35	44	1
35	45	1
35	48	1
35	50	1
35	51	2
35	53	2
35	54	1
35	55	2
35	58	2
35	62	1
35	64	3
35	69	2
35	70	1
35	71	1
35	72	1
35	74	1
35	75	4
35	76	2
35	77	2
35	78	1
35	79	1
35	80	1
35	81	1
35	85	1
35	88	1
35	89	1
35	91	2
35	93	1
35	94	3
35	95	1
35	96	2
35	101	1
35	102	2
35	103	1
35	106	1
35	108	1
35	111	1
36	37	1
36	42	1
36	43	1
36	44	2
36	45	3
36	47	4
36	51	2
36	52	1
36	57	1
36	58	2
36	59	2
36	62	2
36	64	2
36	71	1
36	72	1
36	73	2
36	74	1
36	75	3
36	76	1
36	77	1
36	78	2
36	79	3
36	82	2
36	83	1
36	85	1
36	88	1
36	89	1
36	90	1
36	92	3
36	93	5
36	94	1
36	96	2
36	98	1
36	100	1
36	101	3
36	103	2
36	104	1
36	105	1
36	106	4
36	107	2
36	109	3
36	110	1
36	112	3
36	114	3
37	39	1
37	40	1
37	42	1
37	43	1
37	45	3
37	46	3
37	47	1
37	50	5
37	51	3
37	52	3
37	54	4
37	55	4
37	56	2
37	59	1
37	60	1
37	61	1
37	62	3
37	69	4
37	75	13
37	77	3
37	79	2
37	80	1
37	82	1
37	83	2
37	84	1
37	86	1
37	87	5
37	89	3
37	90	1
37	91	16
37	93	4
37	94	12
37	95	5
37	96	19
37	99	4
37	100	2
37	102	1
37	104	1
37	106	1
37	109	1
37	110	2
37	112	1
37	114	3
38	40	8
38	41	1
38	42	1
38	43	1
38	44	3
38	45	8
38	46	4
38	47	4
38	48	2
38	51	2
38	56	1
38	59	1
38	61	1
38	63	1
38	64	1
38	72	3
38	73	2
38	75	3
38	76	1
38	77	1
38	78	1
38	79	5
38	83	2
38	84	1
38	92	3
38	93	4
38	95	2
38	97	2
38	98	1
38	100	4
38	101	4
38	102	1
38	104	3
38	106	4
38	107	1
38	109	2
38	110	2
38	112	6
38	113	2
38	114	8
39	40	7
39	41	1
39	43	1
39	45	6
39	46	1
39	47	10
39	48	3
39	49	2
39	51	3
39	61	1
39	65	1
39	67	2
39	68	1
39	70	1
39	72	1
39	78	1
39	79	4
39	82	2
39	83	3
39	84	1
39	86	1
39	93	8
39	94	1
39	97	1
39	99	1
39	100	3
39	101	2
39	102	2
39	106	5
39	107	1
39	108	3
39	110	2
39	112	4
39	113	1
39	114	10
40	41	2
40	42	1
40	45	19
40	46	4
40	47	11
40	48	4
40	49	2
40	50	1
40	51	6
40	56	1
40	59	2
40	61	1
40	64	1
40	65	1
40	66	1
40	67	2
40	68	1
40	69	1
40	70	1
40	71	1
40	72	2
40	73	1
40	74	1
40	75	2
40	76	2
40	77	1
40	78	2
40	79	7
40	82	2
40	83	6
40	84	3
40	86	2
40	91	1
40	92	3
40	93	15
40	95	1
40	96	1
40	97	2
40	98	1
40	100	4
40	101	3
40	102	1
40	104	3
40	106	5
40	107	2
40	108	3
40	109	2
40	110	7
40	112	11
40	113	6
40	114	12
41	44	1
41	45	2
41	47	3
41	51	1
41	53	1
41	54	1
41	55	2
41	56	1
41	60	1
41	62	1
41	63	2
41	65	1
41	69	2
41	71	1
41	72	1
41	75	4
41	77	1
41	78	1
41	79	4
41	82	1
41	84	1
41	85	2
41	88	4
41	90	1
41	91	2
41	92	1
41	93	2
41	94	2
41	95	1
41	99	2
41	101	1
41	102	1
41	104	1
41	106	1
41	107	3
41	108	4
41	110	1
41	112	2
41	114	2
42	45	6
42	46	2
42	47	2
42	48	1
42	49	2
42	50	1
42	51	4
42	53	1
42	55	1
42	56	1
42	57	1
42	59	1
42	60	1
42	61	1
42	62	1
42	63	2
42	64	4
42	65	1
42	66	1
42	67	2
42	68	1
42	69	1
42	70	2
42	71	1
42	72	2
42	73	2
42	74	3
42	75	1
42	76	4
42	78	1
42	79	3
42	80	2
42	82	1
42	83	1
42	84	1
42	85	1
42	86	1
42	88	1
42	92	3
42	93	6
42	94	2
42	96	1
42	97	1
42	99	1
42	100	3
42	101	6
42	103	2
42	104	1
42	105	4
42	106	9
42	108	1
42	109	3
42	110	4
42	111	1
42	112	4
42	114	4
43	44	1
43	45	2
43	47	2
43	51	2
43	56	1
43	58	1
43	59	1
43	61	1
43	64	3
43	69	1
43	72	1
43	73	1
43	74	2
43	75	1
43	76	1
43	78	2
43	79	2
43	89	1
43	90	1
43	91	1
43	92	1
43	93	3
43	94	1
43	95	1
43	96	1
43	98	1
43	99	2
43	102	2
43	106	2
43	108	1
43	111	2
43	112	2
43	114	2
44	45	2
44	46	2
44	47	5
44	49	1
44	51	1
44	54	1
44	61	1
44	63	4
44	64	3
44	67	1
44	68	1
44	71	3
44	72	5
44	73	3
44	75	3
44	79	8
44	80	1
44	81	1
44	82	2
44	83	2
44	85	1
44	89	2
44	91	1
44	92	1
44	93	6
44	94	2
44	95	2
44	97	1
44	100	3
44	101	4
44	102	1
44	103	2
44	104	5
44	105	2
44	106	3
44	109	5
44	110	2
44	112	4
44	114	3
45	46	17
45	47	35
45	48	4
45	49	2
45	50	3
45	51	8
45	53	1
45	55	2
45	56	5
45	57	2
45	58	4
45	59	6
45	60	1
45	61	7
45	63	2
45	64	3
45	65	4
45	66	5
45	67	6
45	68	4
45	69	2
45	70	1
45	71	5
45	72	11
45	73	12
45	74	2
45	75	15
45	76	4
45	77	3
45	78	4
45	79	26
45	80	2
45	81	4
45	82	4
45	83	12
45	84	3
45	85	8
45	86	3
45	87	3
45	88	1
45	89	1
45	90	5
45	91	5
45	92	12
45	93	56
45	94	15
45	95	6
45	96	5
45	97	5
45	98	4
45	99	3
45	100	23
45	101	18
45	102	2
45	103	3
45	104	17
45	105	3
45	106	30
45	107	2
45	108	5
45	109	20
45	110	32
45	111	1
45	112	46
45	113	12
45	114	36
46	47	1
46	48	2
46	50	1
46	54	1
46	55	2
46	59	1
46	61	1
46	63	3
46	64	1
46	65	2
46	66	2
46	67	2
46	68	2
46	71	2
46	72	1
46	73	4
46	74	2
46	75	8
46	76	1
46	77	3
46	78	1
46	79	3
46	80	1
46	81	2
46	82	2
46	83	5
46	84	2
46	85	1
46	87	1
46	90	2
46	91	3
46	92	5
46	93	11
46	94	6
46	96	3
46	97	2
46	98	1
46	99	1
46	100	14
46	101	8
46	103	1
46	104	10
46	106	9
46	107	1
46	109	4
46	110	10
46	112	11
46	113	4
46	114	17
47	48	4
47	49	4
47	50	1
47	51	6
47	53	1
47	56	3
47	57	3
47	58	3
47	59	4
47	61	1
47	63	3
47	64	3
47	65	4
47	66	1
47	67	5
47	68	2
47	69	2
47	70	1
47	71	5
47	72	14
47	73	3
47	75	10
47	76	4
47	78	3
47	79	24
47	80	1
47	81	2
47	82	6
47	83	7
47	84	1
47	85	7
47	86	2
47	87	1
47	88	1
47	89	2
47	90	2
47	91	2
47	92	9
47	93	36
47	94	7
47	95	4
47	96	2
47	97	5
47	98	1
47	99	2
47	100	16
47	101	14
47	102	3
47	103	2
47	104	17
47	105	5
47	106	23
47	107	3
47	108	5
47	109	10
47	110	12
47	112	22
47	113	2
47	114	35
48	51	2
48	57	2
48	58	1
48	61	2
48	64	3
48	65	2
48	66	1
48	67	4
48	68	2
48	72	3
48	73	1
48	74	1
48	76	1
48	78	1
48	79	4
48	86	2
48	92	1
48	93	7
48	95	2
48	97	2
48	100	3
48	101	2
48	102	1
48	103	1
48	104	1
48	106	6
48	108	2
48	110	1
48	112	2
48	114	5
49	50	1
49	51	1
49	56	1
49	64	1
49	72	2
49	74	1
49	75	4
49	76	1
49	77	1
49	79	3
49	85	1
49	86	1
49	89	1
49	92	1
49	93	3
49	95	1
49	99	2
49	100	2
49	101	4
49	104	2
49	106	3
49	109	2
49	110	1
49	112	2
49	114	4
50	51	4
50	53	1
50	55	2
50	61	1
50	64	2
50	66	1
50	68	1
50	69	4
50	71	1
50	72	1
50	75	7
50	77	4
50	84	1
50	86	1
50	87	1
50	89	2
50	91	2
50	93	1
50	94	5
50	95	2
50	96	7
50	99	1
50	100	2
50	101	2
50	102	1
50	104	1
50	106	2
50	110	3
50	112	2
50	114	1
51	52	5
51	53	3
51	54	4
51	55	2
51	56	3
51	57	2
51	58	2
51	59	1
51	60	3
51	61	9
51	62	1
51	63	2
51	64	7
51	65	1
51	67	1
51	69	4
51	70	2
51	71	1
51	72	3
51	73	5
51	74	2
51	75	12
51	76	5
51	77	3
51	78	3
51	79	8
51	80	1
51	82	1
51	83	4
51	84	5
51	85	1
51	86	1
51	87	3
51	88	2
51	89	3
51	90	2
51	91	7
51	92	2
51	93	9
51	94	8
51	95	4
51	96	7
51	97	4
51	99	5
51	100	4
51	101	1
51	102	2
51	103	1
51	104	1
51	105	4
51	106	13
51	108	3
51	109	4
51	110	4
51	111	2
51	112	7
51	113	4
51	114	5
52	54	2
52	55	2
52	56	2
52	61	3
52	62	1
52	64	1
52	69	2
52	75	9
52	77	2
52	80	1
52	89	1
52	91	6
52	94	4
52	96	8
52	99	1
53	55	1
53	56	2
53	58	1
53	61	3
53	62	3
53	64	2
53	66	1
53	67	2
53	68	2
53	69	1
53	70	1
53	71	1
53	75	4
53	76	1
53	77	2
53	78	5
53	79	2
53	80	1
53	85	4
53	86	1
53	87	1
53	88	4
53	91	2
53	93	1
53	94	4
53	96	3
53	98	2
53	99	2
53	101	2
53	102	2
53	107	1
53	108	2
53	109	1
53	110	1
53	111	2
53	112	1
53	114	1
54	55	1
54	60	2
54	61	1
54	64	1
54	68	1
54	69	1
54	70	1
54	72	1
54	75	6
54	82	1
54	84	1
54	87	4
54	91	9
54	94	4
54	95	4
54	96	6
54	99	2
54	102	1
54	103	1
55	56	2
55	60	1
55	62	2
55	66	1
55	68	1
55	69	4
55	70	1
55	75	9
55	77	3
55	79	1
55	91	7
55	93	2
55	94	8
55	95	3
55	96	9
55	99	2
55	100	2
55	101	1
55	102	1
55	106	2
55	110	2
55	112	1
55	114	1
56	59	1
56	61	2
56	62	2
56	63	1
56	64	1
56	69	2
56	70	2
56	72	1
56	74	1
56	75	7
56	76	1
56	77	1
56	79	6
56	80	2
56	84	1
56	86	2
56	87	1
56	89	1
56	91	6
56	93	4
56	94	8
56	96	3
56	99	4
56	100	2
56	101	1
56	104	2
56	106	2
56	109	3
56	110	3
56	112	4
56	114	2
57	59	2
57	61	1
57	62	1
57	64	1
57	65	2
57	66	1
57	67	1
57	68	1
57	69	2
57	71	1
57	72	4
57	73	2
57	74	3
57	75	2
57	76	5
57	79	6
57	82	1
57	83	2
57	87	1
57	90	1
57	92	2
57	93	3
57	94	1
57	95	1
57	98	1
57	100	2
57	101	4
57	102	1
57	103	2
57	104	3
57	105	1
57	106	4
57	109	3
57	110	2
57	112	5
57	114	4
58	60	1
58	63	1
58	64	1
58	66	3
58	67	4
58	68	2
58	69	1
58	72	1
58	73	1
58	75	5
58	76	1
58	78	7
58	79	4
58	82	1
58	83	1
58	85	2
58	86	1
58	88	5
58	89	2
58	90	2
58	92	2
58	93	3
58	94	1
58	95	1
58	96	1
58	97	1
58	98	1
58	99	1
58	100	4
58	101	4
58	103	1
58	104	1
58	106	1
58	107	3
58	108	2
58	109	1
58	110	3
58	111	4
58	112	3
58	113	2
58	114	3
59	61	1
59	62	1
59	64	3
59	69	1
59	72	3
59	73	1
59	74	3
59	75	5
59	76	2
59	79	9
59	81	2
59	83	1
59	90	1
59	91	1
59	92	1
59	93	6
59	94	1
59	95	3
59	96	1
59	100	2
59	101	3
59	102	1
59	103	3
59	104	4
59	105	1
59	106	5
59	107	1
59	109	2
59	112	5
59	114	3
60	61	1
60	62	1
60	65	1
60	67	1
60	68	1
60	70	1
60	72	1
60	73	1
60	75	3
60	76	2
60	79	2
60	83	1
60	87	2
60	88	1
60	91	2
60	92	2
60	94	1
60	95	3
60	96	2
60	98	2
60	101	1
60	102	1
60	106	1
60	107	1
60	112	1
60	114	1
61	62	1
61	63	1
61	64	2
61	66	4
61	67	5
61	68	3
61	69	4
61	72	5
61	73	1
61	75	13
61	76	1
61	77	1
61	78	3
61	79	4
61	80	1
61	81	1
61	82	1
61	84	2
61	85	2
61	86	2
61	87	1
61	89	2
61	90	1
61	91	3
61	92	5
61	93	5
61	94	12
61	95	5
61	96	7
61	98	2
61	99	2
61	100	2
61	102	2
61	103	1
61	105	2
61	106	5
61	108	1
61	109	2
61	110	3
61	111	1
61	112	4
61	113	1
61	114	3
62	69	4
62	73	1
62	75	9
62	77	3
62	78	3
62	79	3
62	80	1
62	83	1
62	85	1
62	88	4
62	91	3
62	92	1
62	93	1
62	94	4
62	96	3
62	98	2
62	99	1
62	101	1
62	102	1
62	104	1
62	106	1
62	107	3
62	108	1
62	109	1
62	111	1
62	112	1
62	114	1
63	64	6
63	65	1
63	66	1
63	67	4
63	68	2
63	69	3
63	70	2
63	71	2
63	72	3
63	74	1
63	75	6
63	78	2
63	79	6
63	80	1
63	81	1
63	82	1
63	85	1
63	86	3
63	88	4
63	90	2
63	92	2
63	93	1
63	94	4
63	95	2
63	97	1
63	99	2
63	100	3
63	101	5
63	102	1
63	103	4
63	104	3
63	105	1
63	106	3
63	107	1
63	108	4
63	109	2
63	110	1
63	111	1
63	112	1
63	113	1
63	114	6
64	65	2
64	66	1
64	67	3
64	68	3
64	69	1
64	70	3
64	71	2
64	72	6
64	73	1
64	74	5
64	75	4
64	76	5
64	77	3
64	78	1
64	79	10
64	80	1
64	81	1
64	83	1
64	84	2
64	85	1
64	86	1
64	87	1
64	88	1
64	89	1
64	90	1
64	91	1
64	92	2
64	93	3
64	94	3
64	95	2
64	96	1
64	97	1
64	99	1
64	100	2
64	101	5
64	102	3
64	103	11
64	104	1
64	105	1
64	106	10
64	108	1
64	109	2
64	111	1
64	112	3
64	114	3
65	66	1
65	67	6
65	68	4
65	71	1
65	72	1
65	75	3
65	76	2
65	79	6
65	82	1
65	88	1
65	92	1
65	93	3
65	94	2
65	98	1
65	100	2
65	101	3
65	103	1
65	104	4
65	106	4
65	108	2
65	109	2
65	112	2
65	114	5
66	67	8
66	68	5
66	70	1
66	72	2
66	74	2
66	75	2
66	76	1
66	77	1
66	78	2
66	79	1
66	83	1
66	86	2
66	87	1
66	88	1
66	91	1
66	92	2
66	93	4
66	94	6
66	96	2
66	99	2
66	100	4
66	101	1
66	102	1
66	104	3
66	106	2
66	107	1
66	109	3
66	110	5
66	111	1
66	112	3
66	114	1
67	68	13
67	70	1
67	71	1
67	72	2
67	73	1
67	74	1
67	75	3
67	76	2
67	78	3
67	79	6
67	80	1
67	82	1
67	83	2
67	85	2
67	86	3
67	87	1
67	88	1
67	91	3
67	92	3
67	93	7
67	94	5
67	96	2
67	98	2
67	99	2
67	100	4
67	101	2
67	105	1
67	106	6
67	107	1
67	108	2
67	110	3
67	111	1
67	112	2
67	114	7
68	70	2
68	72	2
68	75	4
68	76	2
68	77	1
68	78	2
68	79	4
68	82	1
68	83	1
68	85	1
68	86	1
68	87	2
68	91	3
68	92	3
68	93	3
68	94	4
68	95	1
68	96	3
68	98	2
68	99	2
68	100	3
68	101	1
68	103	1
68	106	2
68	108	1
68	110	2
68	114	3
69	71	1
69	72	4
69	74	1
69	75	9
69	76	1
69	77	3
69	78	2
69	79	7
69	80	1
69	84	1
69	85	1
69	88	2
69	89	2
69	90	2
69	91	4
69	92	1
69	93	4
69	94	10
69	95	3
69	96	7
69	99	1
69	101	3
69	102	2
69	103	1
69	104	1
69	106	2
69	107	2
69	108	1
69	109	1
69	110	1
69	111	1
69	112	2
69	113	1
70	72	2
70	74	1
70	75	4
70	78	1
70	79	2
70	80	2
70	81	1
70	82	1
70	83	2
70	84	2
70	85	1
70	86	1
70	87	2
70	88	1
70	89	1
70	91	1
70	93	1
70	94	4
70	95	3
70	96	1
70	99	2
70	100	1
70	101	1
70	102	2
70	103	2
70	105	1
70	106	2
70	107	1
70	108	1
70	111	1
70	112	1
70	114	2
71	72	5
71	73	3
71	75	1
71	76	1
71	77	3
71	79	5
71	82	3
71	85	2
71	91	1
71	92	2
71	93	6
71	94	1
71	97	1
71	98	1
71	100	1
71	101	3
71	102	2
71	103	2
71	104	5
71	106	5
71	109	3
71	110	3
71	112	4
71	113	1
71	114	3
72	73	3
72	74	1
72	75	8
72	76	2
72	77	2
72	78	1
72	79	21
72	80	1
72	81	1
72	82	2
72	83	3
72	84	1
72	85	2
72	87	1
72	88	3
72	89	1
72	90	3
72	91	1
72	92	7
72	93	14
72	94	4
72	95	3
72	97	1
72	98	1
72	99	2
72	100	3
72	101	5
72	102	3
72	103	5
72	104	6
72	105	3
72	106	14
72	108	1
72	109	7
72	110	7
72	112	14
72	113	2
72	114	11
73	74	3
73	75	2
73	76	1
73	78	1
73	79	8
73	82	2
73	83	3
73	87	2
73	88	1
73	89	1
73	90	2
73	92	2
73	93	9
73	94	1
73	95	2
73	97	1
73	98	2
73	100	7
73	101	2
73	104	5
73	105	1
73	106	9
73	108	1
73	109	7
73	110	5
73	111	1
73	112	12
73	114	5
74	75	2
74	76	3
74	77	1
74	79	3
74	85	2
74	86	2
74	89	1
74	90	1
74	92	1
74	93	3
74	100	2
74	101	4
74	103	2
74	104	1
74	105	1
74	106	2
74	110	2
74	112	1
74	114	1
75	76	3
75	77	9
75	78	10
75	79	14
75	80	7
75	81	3
75	82	3
75	83	4
75	84	7
75	85	3
75	86	4
75	87	3
75	88	9
75	89	6
75	90	4
75	91	22
75	92	5
75	93	14
75	94	30
75	95	12
75	96	22
75	97	1
75	98	4
75	99	8
75	100	13
75	101	8
75	102	5
75	103	1
75	104	10
75	105	2
75	106	11
75	107	6
75	108	6
75	109	4
75	110	10
75	111	2
75	112	13
75	113	5
75	114	16
76	78	1
76	79	6
76	80	1
76	81	1
76	83	1
76	84	1
76	85	1
76	88	1
76	89	1
76	92	1
76	93	5
76	95	1
76	97	1
76	98	3
76	100	1
76	101	3
76	104	2
76	105	1
76	106	4
76	108	1
76	109	2
76	110	2
76	111	1
76	112	4
76	113	1
76	114	4
77	78	2
77	79	1
77	83	1
77	86	1
77	88	2
77	91	2
77	92	1
77	93	1
77	94	6
77	95	2
77	96	5
77	98	3
77	99	1
77	100	2
77	101	1
77	102	2
77	103	1
77	104	1
77	106	3
77	107	1
77	108	1
77	109	1
77	110	2
77	112	2
77	113	1
77	114	2
78	80	2
78	81	2
78	82	3
78	83	1
78	84	1
78	85	7
78	86	3
78	88	16
78	89	1
78	90	2
78	92	2
78	93	3
78	94	2
78	95	1
78	98	5
78	100	4
78	101	2
78	102	3
78	107	10
78	108	13
78	110	1
78	111	11
78	112	1
78	113	1
78	114	5
79	80	1
79	81	2
79	82	4
79	83	8
79	85	6
79	86	2
79	87	1
79	88	2
79	89	5
79	90	4
79	91	1
79	92	10
79	93	26
79	94	12
79	95	4
79	96	1
79	97	3
79	98	3
79	99	4
79	100	11
79	101	13
79	102	1
79	103	5
79	104	13
79	105	2
79	106	19
79	108	3
79	109	15
79	110	16
79	112	26
79	113	2
79	114	22
80	81	1
80	83	1
80	84	2
80	85	1
80	86	1
80	88	2
80	89	1
80	91	3
80	93	2
80	94	4
80	96	1
80	100	2
80	101	1
80	102	1
80	107	1
80	108	1
80	110	2
80	111	1
80	112	1
80	114	1
81	85	1
81	86	1
81	88	1
81	90	1
81	91	1
81	92	1
81	93	6
81	100	3
81	101	1
81	102	1
81	103	1
81	104	1
81	106	3
81	108	2
81	109	1
81	110	1
81	111	1
81	112	3
81	114	3
82	83	3
82	84	2
82	85	1
82	88	1
82	89	2
82	90	1
82	91	1
82	92	4
82	93	4
82	94	1
82	95	1
82	96	1
82	98	1
82	100	3
82	101	1
82	102	1
82	103	1
82	104	2
82	105	1
82	106	3
82	107	3
82	108	3
82	109	2
82	110	2
82	111	1
82	112	2
82	114	3
83	84	3
83	85	2
83	89	1
83	90	1
83	91	2
83	92	2
83	93	13
83	94	4
83	95	1
83	96	1
83	97	1
83	98	1
83	99	1
83	100	7
83	101	5
83	104	4
83	105	1
83	106	7
83	107	1
83	109	5
83	110	9
83	112	12
83	113	7
83	114	11
84	86	1
84	88	1
84	89	1
84	91	1
84	93	2
84	94	3
84	96	2
84	99	1
84	100	1
84	101	1
84	102	2
84	104	1
84	106	4
84	107	1
84	108	1
84	109	1
84	110	1
84	112	3
84	113	2
84	114	3
85	88	3
85	89	1
85	92	4
85	93	5
85	94	4
85	98	1
85	100	2
85	101	6
85	102	3
85	104	5
85	105	1
85	106	7
85	107	2
85	108	2
85	109	4
85	110	3
85	111	2
85	112	3
85	113	1
85	114	4
86	88	2
86	89	1
86	93	2
86	96	1
86	100	2
86	102	1
86	104	1
86	106	1
86	107	1
86	108	2
86	109	1
86	110	2
86	111	2
86	112	2
86	114	3
87	91	7
87	93	3
87	94	6
87	95	3
87	96	6
87	99	2
87	100	1
87	102	1
87	103	1
87	104	1
87	106	1
87	109	2
87	110	1
87	112	1
87	113	1
87	114	2
88	90	3
88	93	1
88	95	1
88	98	2
88	99	1
88	100	2
88	101	2
88	102	1
88	107	9
88	108	10
88	111	9
88	112	1
88	114	2
89	91	1
89	92	1
89	93	1
89	94	6
89	96	4
89	98	1
89	100	1
89	102	2
89	104	1
89	106	1
89	107	2
89	108	1
89	109	1
89	112	1
90	91	1
90	92	1
90	93	3
90	94	1
90	95	1
90	97	1
90	100	3
90	101	3
90	104	1
90	105	1
90	106	2
90	107	1
90	108	3
90	109	1
90	110	1
90	111	1
90	112	3
90	114	3
91	93	4
91	94	20
91	95	5
91	96	24
91	98	1
91	99	9
91	100	2
91	101	2
91	102	2
91	103	1
91	104	1
91	106	1
91	109	1
91	110	4
91	112	2
91	114	3
92	93	6
92	94	4
92	95	1
92	98	4
92	100	5
92	101	7
92	103	1
92	104	4
92	105	3
92	106	14
92	107	1
92	108	2
92	109	4
92	110	7
92	111	1
92	112	10
92	113	1
92	114	12
93	94	10
93	95	4
93	96	4
93	97	6
93	98	1
93	99	7
93	100	19
93	101	16
93	102	2
93	103	3
93	104	15
93	105	6
93	106	32
93	107	2
93	108	4
93	109	20
93	110	28
93	112	43
93	113	12
93	114	32
94	95	8
94	96	18
94	97	1
94	98	1
94	99	8
94	100	6
94	101	8
94	102	5
94	103	3
94	104	5
94	105	1
94	106	6
94	107	1
94	108	1
94	109	7
94	110	9
94	112	7
94	113	3
94	114	8
95	96	6
95	97	1
95	98	1
95	100	2
95	101	2
95	102	6
95	103	4
95	104	1
95	106	3
95	108	1
95	109	1
95	110	1
95	111	1
95	112	3
95	114	2
96	98	2
96	99	7
96	100	3
96	101	1
96	102	2
96	103	1
96	104	1
96	109	1
96	110	3
96	112	1
96	114	2
97	100	4
97	101	3
97	102	1
97	104	4
97	105	3
97	106	7
97	107	1
97	109	3
97	110	5
97	112	3
97	113	1
97	114	5
98	101	3
98	102	1
98	106	1
98	107	2
98	108	3
98	109	1
98	110	1
98	111	1
98	112	4
98	114	3
99	100	1
99	101	3
99	102	1
99	106	4
99	108	1
99	109	1
99	110	3
99	112	5
99	113	2
99	114	3
100	101	11
100	102	1
100	104	13
100	105	1
100	106	13
100	107	2
100	108	2
100	109	9
100	110	24
100	111	2
100	112	17
100	113	3
100	114	27
101	102	2
101	103	4
101	104	11
101	105	3
101	106	19
101	107	1
101	108	1
101	109	8
101	110	10
101	112	14
101	114	20
102	103	2
102	104	1
102	106	4
102	107	2
102	108	3
102	110	1
102	111	1
102	112	2
102	114	4
103	104	1
103	105	2
103	106	5
103	109	2
103	112	1
103	114	1
104	105	1
104	106	21
104	109	16
104	110	9
104	112	16
104	113	2
104	114	19
105	106	10
105	107	1
105	109	2
105	110	2
105	112	1
105	113	1
105	114	2
106	108	1
106	109	20
106	110	13
106	112	25
106	113	4
106	114	25
107	108	4
107	110	2
107	111	4
107	112	1
107	113	1
107	114	4
108	110	1
108	111	5
108	112	3
108	114	5
109	110	14
109	112	19
109	113	4
109	114	9
110	112	30
110	113	9
110	114	19
111	112	1
111	114	2
112	113	8
112	114	36
113	114	6
